1220 1506
6
110 90 140 120
1080 90 1110 120
110 750 140 780
1080 750 1110 780
110 1410 140 1440
1080 1410 1110 1440
300
174 276 204 306 0
204 276 234 306 0
234 276 264 306 0
264 276 294 306 0
294 276 324 306 0
174 306 204 336 0
204 306 234 336 0
234 306 264 336 0
264 306 294 336 0
294 306 324 336 0
174 336 204 366 0
204 336 234 366 0
234 336 264 366 0
264 336 294 366 0
294 336 324 366 0
174 366 204 396 0
204 366 234 396 0
234 366 264 396 0
264 366 294 396 0
294 366 324 396 0
174 396 204 426 0
204 396 234 426 0
234 396 264 426 0
264 396 294 426 0
294 396 324 426 0
174 426 204 456 0
204 426 234 456 0
234 426 264 456 0
264 426 294 456 0
294 426 324 456 0
174 456 204 486 0
204 456 234 486 0
234 456 264 486 0
264 456 294 486 0
294 456 324 486 0
174 486 204 516 0
204 486 234 516 0
234 486 264 516 0
264 486 294 516 0
294 486 324 516 0
174 516 204 546 0
204 516 234 546 0
234 516 264 546 0
264 516 294 546 0
294 516 324 546 0
174 546 204 576 0
204 546 234 576 0
234 546 264 576 0
264 546 294 576 0
294 546 324 576 0
144 -556 174 -526 4
174 -556 204 -526 4
204 -556 234 -526 4
234 -556 264 -526 4
264 -556 294 -526 4
144 -526 174 -496 4
174 -526 204 -496 4
204 -526 234 -496 4
234 -526 264 -496 4
264 -526 294 -496 4
144 -496 174 -466 4
174 -496 204 -466 4
204 -496 234 -466 4
234 -496 264 -466 4
264 -496 294 -466 4
144 -466 174 -436 4
174 -466 204 -436 4
204 -466 234 -436 4
234 -466 264 -436 4
264 -466 294 -436 4
144 -436 174 -406 4
174 -436 204 -406 4
204 -436 234 -406 4
234 -436 264 -406 4
264 -436 294 -406 4
144 -406 174 -376 4
174 -406 204 -376 4
204 -406 234 -376 4
234 -406 264 -376 4
264 -406 294 -376 4
144 -376 174 -346 4
174 -376 204 -346 4
204 -376 234 -346 4
234 -376 264 -346 4
264 -376 294 -346 4
144 -346 174 -316 4
174 -346 204 -316 4
204 -346 234 -316 4
234 -346 264 -316 4
264 -346 294 -316 4
144 -316 174 -286 4
174 -316 204 -286 4
204 -316 234 -286 4
234 -316 264 -286 4
264 -316 294 -286 4
144 -286 174 -256 4
174 -286 204 -256 4
204 -286 234 -256 4
234 -286 264 -256 4
264 -286 294 -256 4
420 -444 450 -414 2
450 -444 480 -414 2
480 -444 510 -414 2
510 -444 540 -414 2
540 -444 570 -414 2
420 -414 450 -384 2
450 -414 480 -384 2
480 -414 510 -384 2
510 -414 540 -384 2
540 -414 570 -384 2
420 -384 450 -354 2
450 -384 480 -354 2
480 -384 510 -354 2
510 -384 540 -354 2
540 -384 570 -354 2
420 -354 450 -324 2
450 -354 480 -324 2
480 -354 510 -324 2
510 -354 540 -324 2
540 -354 570 -324 2
420 -324 450 -294 2
450 -324 480 -294 2
480 -324 510 -294 2
510 -324 540 -294 2
540 -324 570 -294 2
420 -294 450 -264 2
450 -294 480 -264 2
480 -294 510 -264 2
510 -294 540 -264 2
540 -294 570 -264 2
420 -264 450 -234 2
450 -264 480 -234 2
480 -264 510 -234 2
510 -264 540 -234 2
540 -264 570 -234 2
420 -234 450 -204 2
450 -234 480 -204 2
480 -234 510 -204 2
510 -234 540 -204 2
540 -234 570 -204 2
420 -204 450 -174 2
450 -204 480 -174 2
480 -204 510 -174 2
510 -204 540 -174 2
540 -204 570 -174 2
420 -174 450 -144 2
450 -174 480 -144 2
480 -174 510 -144 2
510 -174 540 -144 2
540 -174 570 -144 2
-550 104 -520 134 3
-520 104 -490 134 3
-490 104 -460 134 3
-460 104 -430 134 3
-430 104 -400 134 3
-550 134 -520 164 3
-520 134 -490 164 3
-490 134 -460 164 3
-460 134 -430 164 3
-430 134 -400 164 3
-550 164 -520 194 3
-520 164 -490 194 3
-490 164 -460 194 3
-460 164 -430 194 3
-430 164 -400 194 3
-550 194 -520 224 3
-520 194 -490 224 3
-490 194 -460 224 3
-460 194 -430 224 3
-430 194 -400 224 3
-550 224 -520 254 3
-520 224 -490 254 3
-490 224 -460 254 3
-460 224 -430 254 3
-430 224 -400 254 3
-550 254 -520 284 3
-520 254 -490 284 3
-490 254 -460 284 3
-460 254 -430 284 3
-430 254 -400 284 3
-550 284 -520 314 3
-520 284 -490 314 3
-490 284 -460 314 3
-460 284 -430 314 3
-430 284 -400 314 3
-550 314 -520 344 3
-520 314 -490 344 3
-490 314 -460 344 3
-460 314 -430 344 3
-430 314 -400 344 3
-550 344 -520 374 3
-520 344 -490 374 3
-490 344 -460 374 3
-460 344 -430 374 3
-430 344 -400 374 3
-550 374 -520 404 3
-520 374 -490 404 3
-490 374 -460 404 3
-460 374 -430 404 3
-430 374 -400 404 3
-280 214 -250 244 1
-250 214 -220 244 1
-220 214 -190 244 1
-190 214 -160 244 1
-160 214 -130 244 1
-280 244 -250 274 1
-250 244 -220 274 1
-220 244 -190 274 1
-190 244 -160 274 1
-160 244 -130 274 1
-280 274 -250 304 1
-250 274 -220 304 1
-220 274 -190 304 1
-190 274 -160 304 1
-160 274 -130 304 1
-280 304 -250 334 1
-250 304 -220 334 1
-220 304 -190 334 1
-190 304 -160 334 1
-160 304 -130 334 1
-280 334 -250 364 1
-250 334 -220 364 1
-220 334 -190 364 1
-190 334 -160 364 1
-160 334 -130 364 1
-280 364 -250 394 1
-250 364 -220 394 1
-220 364 -190 394 1
-190 364 -160 394 1
-160 364 -130 394 1
-280 394 -250 424 1
-250 394 -220 424 1
-220 394 -190 424 1
-190 394 -160 424 1
-160 394 -130 424 1
-280 424 -250 454 1
-250 424 -220 454 1
-220 424 -190 454 1
-190 424 -160 454 1
-160 424 -130 454 1
-280 454 -250 484 1
-250 454 -220 484 1
-220 454 -190 484 1
-190 454 -160 484 1
-160 454 -130 484 1
-280 484 -250 514 1
-250 484 -220 514 1
-220 484 -190 514 1
-190 484 -160 514 1
-160 484 -130 514 1
-280 -556 -250 -526 5
-250 -556 -220 -526 5
-220 -556 -190 -526 5
-190 -556 -160 -526 5
-160 -556 -130 -526 5
-280 -526 -250 -496 5
-250 -526 -220 -496 5
-220 -526 -190 -496 5
-190 -526 -160 -496 5
-160 -526 -130 -496 5
-280 -496 -250 -466 5
-250 -496 -220 -466 5
-220 -496 -190 -466 5
-190 -496 -160 -466 5
-160 -496 -130 -466 5
-280 -466 -250 -436 5
-250 -466 -220 -436 5
-220 -466 -190 -436 5
-190 -466 -160 -436 5
-160 -466 -130 -436 5
-280 -436 -250 -406 5
-250 -436 -220 -406 5
-220 -436 -190 -406 5
-190 -436 -160 -406 5
-160 -436 -130 -406 5
-280 -406 -250 -376 5
-250 -406 -220 -376 5
-220 -406 -190 -376 5
-190 -406 -160 -376 5
-160 -406 -130 -376 5
-280 -376 -250 -346 5
-250 -376 -220 -346 5
-220 -376 -190 -346 5
-190 -376 -160 -346 5
-160 -376 -130 -346 5
-280 -346 -250 -316 5
-250 -346 -220 -316 5
-220 -346 -190 -316 5
-190 -346 -160 -316 5
-160 -346 -130 -316 5
-280 -316 -250 -286 5
-250 -316 -220 -286 5
-220 -316 -190 -286 5
-190 -316 -160 -286 5
-160 -316 -130 -286 5
-280 -286 -250 -256 5
-250 -286 -220 -256 5
-220 -286 -190 -256 5
-190 -286 -160 -256 5
-160 -286 -130 -256 5