-440 -225 -405 -190 5
-440 -190 -405 -155 5
-440 -155 -405 -120 5
-440 -120 -405 -85 5
-440 -85 -405 -50 5
-405 -225 -370 -190 5
-405 -190 -370 -155 5
-405 -155 -370 -120 5
-405 -120 -370 -85 5
-405 -85 -370 -50 5
-370 -225 -335 -190 5
-370 -190 -335 -155 5
-370 -155 -335 -120 5
-370 -120 -335 -85 5
-370 -85 -335 -50 5
-335 -225 -300 -190 5
-335 -190 -300 -155 5
-335 -155 -300 -120 5
-335 -120 -300 -85 5
-335 -85 -300 -50 5
-300 -225 -265 -190 5
-300 -190 -265 -155 5
-300 -155 -265 -120 5
-300 -120 -265 -85 5
-300 -85 -265 -50 5
-265 -225 -230 -190 5
-265 -190 -230 -155 5
-265 -155 -230 -120 5
-265 -120 -230 -85 5
-265 -85 -230 -50 5
-230 -225 -195 -190 5
-230 -190 -195 -155 5
-230 -155 -195 -120 5
-230 -120 -195 -85 5
-230 -85 -195 -50 5
-195 -225 -160 -190 5
-195 -190 -160 -155 5
-195 -155 -160 -120 5
-195 -120 -160 -85 5
-195 -85 -160 -50 5
-160 -225 -125 -190 5
-160 -190 -125 -155 5
-160 -155 -125 -120 5
-160 -120 -125 -85 5
-160 -85 -125 -50 5
-125 -225 -90 -190 5
-125 -190 -90 -155 5
-125 -155 -90 -120 5
-125 -120 -90 -85 5
-125 -85 -90 -50 5
